Transcript,Turn,Failed Move,Clarify,Structure Placement,Side Placement,Overall Structure State,Group Agreement,Transcription
0,1,False,N/A,True,True,True,yes,"D1: So far, the whole bottom layer is empty, but I need an orange block on the left side to start building up. Let’s get that orange block down first.
D3: So, the bottom left corner should have an orange block, the middle spot also orange, and the right spot blue. Let’s start by putting those orange and blue blocks in place."
1,2,False,N/A,False,False,False,yes,"D2: The middle and left spots on my bottom layer are still empty, but they should have blue blocks. Let's put those blue blocks in place next.
D3: I see an orange block in the bottom left corner, but the middle and right spots are still empty. Let’s put orange blocks in the middle and right spots of my bottom layer next, and then add a blue block on the right."
2,3,False,N/A,False,False,False,no,"D2: The middle and right spots on my bottom layer are still empty, but they should have blue blocks. Let's put those blue blocks in place next.
D1: The middle and right spots on my bottom layer are still empty, but they should have red blocks. Let's put those red blocks in place next."
3,4,False,N/A,True,True,False,yes,"D2: The middle and right spots on my bottom layer are still empty, but they should have blue blocks. Let's put those blue blocks in place next.
D3: I see an orange block in the bottom left corner, but the middle and right spots are still empty. Let’s put orange blocks in the middle and right spots of my bottom layer next, and then add a blue block on the right."
4,5,False,N/A,True,True,False,no,"D1: I see the middle spot is empty, but the right spot has a blue block instead of a red one. Let’s remove that blue block and replace it with a red one.
D3: I see an orange block in the bottom left corner, but the middle and right spots should have orange blocks, not blue. Let’s fix that by replacing the blue block with orange blocks next.
D2: The middle spot on my bottom layer is still empty, but it should have a blue block. Let's put that blue block in place next."
5,6,False,N/A,False,False,False,yes,"D1: I see the middle spot is empty, but it should have a blue block. Let’s put that blue block in place next, and then we’ll stack a large blue block across the middle and right spots.
D2: The middle and right spots on my bottom layer are still empty, but they should have blue blocks. Let's put those blue blocks in place next."
6,7,False,N/A,True,True,False,no,"D2: The middle spot on my bottom layer is still empty, but it should have a blue block. Let’s put that blue block in place next.
D3: I see an orange block in the bottom left corner, but the middle and right spots are still empty. Let's remove the small blue block in the middle spot first, then we can place orange blocks there and add a blue block on the right."
7,8,False,N/A,False,False,False,yes,"D2: I see the middle spot is still empty, but it should have a blue block. Let’s put that blue block in place next.
D3: I see an orange block in the bottom left corner, but the middle and right spots are still empty. Let’s remove the blue block in the middle spot first, then we can place orange blocks there and add a blue block on the right."
8,9,False,N/A,False,False,False,yes,"D3: I see an orange block in the bottom left corner, but the middle spot is still empty. Let’s put a blue block in the middle spot next, and then we can add orange blocks on either side.
D1: I see the middle and right spots on my bottom layer are still empty, but they should have blue blocks. Let’s put those blue blocks in place next."
9,10,False,N/A,False,False,False,yes,"D2: The middle spot on my bottom layer is still empty, but it should have a blue block. Let’s put that blue block in place next.
D1: I see the middle spot is still empty, but it should have a blue block. Let’s put that blue block in place next."
10,11,False,N/A,False,False,False,yes,"D2: The middle spot on my bottom layer is still empty, but it should have a blue block. Let’s put that blue block in place next.
D1: My bottom left corner has an orange block, but the middle and right spots are still empty. Let’s put blue blocks in the middle and right spots next."
11,12,False,N/A,False,False,False,yes,"D2: The middle and right spots on my bottom layer are still empty, but they should have blue blocks. Let’s put those blue blocks in place next.
D3: I see the middle spot has a blue block, but the right spot is still empty. Let’s put a red block there next to the blue one.
D1: I see the middle and right spots on my bottom layer are still empty, but they should have blue blocks. Let’s put those blue blocks in place next."
12,13,False,N/A,False,False,False,yes,"D1: I see the orange block in the bottom left corner, but the middle and right spots are still empty. Let’s put blue blocks in the middle and right spots next.
D2: The middle and right spots on my bottom layer are still empty, but they should have blue blocks. Let’s put those blue blocks in place next."
13,14,False,N/A,False,False,False,yes,"D2: The middle and right spots on my bottom layer are still empty, but they should have blue blocks. Let’s put those blue blocks in place next.
D3: I see the middle spot has a blue block, but the right spot is still empty. Let’s put a red block there next to the blue one."
14,15,N/A,True,N/A,N/A,N/A,N/A,"D2: The middle and right spots on my bottom layer are still empty, but they should have blue blocks. Let’s put those blue blocks in place next.
D1: I see the orange block in the bottom left corner, but the middle and right spots are still empty. Let’s put blue blocks in the middle and right spots next."
15,16,False,N/A,True,True,False,yes,"D3: I see the orange block in the bottom left corner, but the middle and right spots are still empty. Let's focus on putting blue blocks in the middle and right spots of my bottom layer next.
D2: The middle and right spots on my bottom layer are still empty, but they should have blue blocks. Let's remove the top blue blocks first to create space, then we can place blue blocks there."
16,17,False,N/A,True,True,False,yes,"D1: I see the orange block in my bottom left corner, but the middle and right spots are still empty. Let’s put blue blocks in the middle and right spots next.
D2: I see the middle and right spots on my bottom layer are still empty, but they should have blue blocks. Let's remove the top blue blocks first to create space, then we can place blue blocks there."
17,18,False,N/A,False,False,False,yes,"D3: I see the orange block in my bottom left corner, but the middle and right spots are still empty. Let’s put a blue block next to the existing blue block in the middle spot to complete my bottom layer.
D1: I see the orange block in my bottom left corner, but the middle and right spots are still empty. Let’s put blue blocks in the middle and right spots next."
18,19,True,N/A,N/A,N/A,N/A,N/A,"D2: The middle spot on my bottom layer has a blue block, but the right spot is still empty. Let’s put a blue block there next to the existing blue block.
D1: I see the orange block in my bottom left corner, but the middle and right spots are still empty. Let’s put a blue block next to the existing blue block in the middle spot to complete my bottom layer.
D3: I see the orange block in my bottom left corner, but the middle and right spots are still empty. Let’s put a blue block next to the existing blue block in the middle spot to complete my bottom layer."
19,20,False,N/A,False,False,False,yes,"D1: I see the orange block in my bottom left corner, but the middle and right spots are still empty. Let’s put a blue block next to the existing blue block in the middle spot to complete my bottom layer.
D2: The middle spot on my bottom layer has a blue block, but the right spot is still empty. Let’s put a blue block there next to the existing blue block."
